=== EV Price Depreciation Analysis ===

1. Yearly Statistics:
       price_clean                                        mileage_clean
             count      mean       std      min       max          mean
year                                                                   
9.0              1    296.00       NaN    296.0     296.0      57900.00
1931.0           1  74995.00       NaN  74995.0   74995.0        185.00
2010.0           3   4233.00   2136.48   2999.0    6700.0     191666.67
2011.0           8   9467.88   1502.25   5750.0    9999.0      28824.12
2012.0           9   7390.44   2099.00   4500.0   10800.0      88412.44
2013.0          15   8030.40   3204.63   4895.0   14777.0     144700.87
2014.0          14  17271.36  17533.85   5500.0   72995.0     124163.21
2015.0          36  10600.75   5528.08   6477.0   27200.0     123040.22
2016.0          77  17606.64   9304.75   6895.0   49910.0     111924.60
2017.0          58  19527.34  11782.59   8950.0   62000.0      77575.26
2018.0          81  30035.89  12610.57  10942.0   56888.0      95657.98
2019.0         128  30792.99  13676.81  15442.0   73910.0      94718.64
2020.0         153  34926.37  17028.57  13995.0   87995.0      71183.46
2021.0         183  45170.83  45386.09  17499.0  579995.0      60545.66
2022.0         297  49789.19  22259.82    165.0  148888.0      47761.49
2023.0         606  57615.00  29568.45    139.0  233898.0      17120.30
2024.0        2529  77422.06  33081.30    695.0  599995.0        758.14
2025.0         243  83136.72  35885.51  44290.0  202417.0         76.65

2. Mileage Band Statistics:
                    price_clean                                      
                          count      mean       std     min       max
mileage_band                                                         
(0.0, 20000.0]             3100  76277.15  35073.65   279.0  599995.0
(20000.0, 50000.0]          429  43656.18  16735.35   139.0  120888.0
(50000.0, 100000.0]         480  32842.99  16612.85   296.0  112000.0
(100000.0, inf]             261  23281.59  13751.11  2999.0   57399.0

3. Correlation Analysis:
               price_clean  mileage_clean    age   year
price_clean          1.000         -0.471 -0.064  0.064
mileage_clean       -0.471          1.000  0.073 -0.073
age                 -0.064          0.073  1.000 -1.000
year                 0.064         -0.073 -1.000  1.000